000000000000000000000000000110
000000000000000000000000000110
000000000000000000000000000000
000000000000000000000000110000
000000000000000000000001001000
000000000000000000000000110000
000000000000000000000000000000
000000000000000000000000000000
000000000000000000000000000000
000000000000000000000000000000
000000000000000000000000000000
000000000000000000000000000000
000000000000000000000000000000
000000000011100000000000000000
000000000000000000000000100000
010000110000000000110001010000
010000110000001100110001010000
010000000000001100000000100000
000000000000000000000000000000
000000000000000000000000000000
